Hospital	Phys	Experiment	ADR	filmNo	ExpertScore	Time	AlScore
1	1	1	0.15	1	10	2.006	0.128020134
1	1	1	0.15	2	9.333333333	1.592666667	0.147880041
1	1	1	0.15	3	10	5.078	0.213409159
1	1	1	0.15	4	13.33333333	3.056666667	0.331254455
1	1	1	0.15	5	7.333333333	1.369333333	0.075815739
1	1	1	0.15	6	11.66666667	3.162666667	0.168641199
1	1	1	0.15	7	10.33333333	2.712	0.152469136
1	2	1	0.2	8	14.33333333	4.560666667	0.360486891
1	2	1	0.2	9	10.66666667	2.046	0.22629548
1	2	1	0.2	10	12.33333333	1.849333333	0.335559796
1	2	1	0.2	11	12.33333333	2.433333333	0.302609068
1	2	1	0.2	12	14.33333333	3.199333333	0.453025478
1	2	1	0.2	13	11.66666667	3.45	0.291692988
1	2	1	0.2	14	13	1.794666667	0.352465986
1	2	1	0.2	15	13	5.218666667	0.267166344
1	3	1	0.18	16	14	1.624	0.299872935
1	3	1	0.18	17	14	3.622	0.376728803
1	3	1	0.18	18	14	3.53	0.387853949
1	3	1	0.18	19	12	2.570666667	0.297124047
1	3	1	0.18	20	15	1.534666667	0.349489796
1	3	1	0.18	21	13	2.149333333	0.383106695
1	4	1	0.2	22	11.66666667	4.274	0.245456361
1	4	1	0.2	23	11.66666667	5.219333333	0.329677705
1	4	1	0.2	24	10.33333333	7.339333333	0.263535081
1	4	1	0.2	25	12.66666667	4.670666667	0.274698399
1	4	1	0.2	26	10	3.557333333	0.221060482
1	4	1	0.2	27	13	5.992666667	0.308629109
1	4	1	0.2	28	11.66666667	6.19	0.304002897
2	5	1	0.24	29	12.66666667	7.692666667	0.273406827
2	5	1	0.24	30	16	5.717333333	0.48503105
2	5	1	0.24	31	16.33333333	10.53933333	0.484864599
2	5	1	0.24	32	15.66666667	6.668666667	0.410983444
2	5	1	0.24	33	16.33333333	23.55	0.338774596
2	5	1	0.24	34	17.33333333	5.783333333	0.364420502
2	5	1	0.24	35	14.33333333	2.520666667	0.544120818
2	5	1	0.24	36	16.66666667	8.748666667	0.322081933
2	5	1	0.24	37	16.66666667	4.806	0.502816276
2	5	1	0.24	38	17	12.10866667	0.45583318
2	5	1	0.24	39	15.33333333	5.978	0.335792648
2	6	2	0.31	40	17.66666667	4.274	0.421836834
2	6	2	0.31	41	17	7.665333333	0.392389807
2	6	2	0.31	42	18.33333333	4.296	0.485131048
2	6	2	0.31	43	18	4.121333333	0.357621009
2	6	2	0.31	44	17	5.018	0.497957516
2	6	2	0.31	45	16	8.686	0.297586207
2	6	2	0.31	46	14.66666667	4.179333333	0.374803356
2	6	2	0.31	47	16.33333333	6.296	0.43681584
2	6	2	0.31	48	14	6.699333333	0.389001741
2	6	2	0.31	49	16.33333333	8.432666667	0.341441761
2	6	2	0.31	50	16.33333333	8.633333333	0.497640768
2	6	2	0.31	51	17	7.104	0.36958681
2	6	2	0.31	52	16	5.6	0.318551753
2	6	2	0.31	53	17.66666667	7.672	0.33933518
2	7	2	0.35	54	14	6.693333333	0.349660667
2	7	2	0.35	55	14.66666667	6.004	0.348592945
2	7	2	0.35	56	13.66666667	17.16466667	0.321643407
2	7	2	0.35	57	16	6.682666667	0.538863351
2	7	2	0.35	58	16	7.974	0.395265888
2	7	2	0.35	59	14.33333333	6.174	0.356722206
2	7	2	0.35	60	14	9.002666667	0.262719598
2	7	2	0.35	61	16	8.904666667	0.371356845
2	7	2	0.35	62	16	9.922666667	0.534139313
2	7	2	0.35	63	14.66666667	5.219333333	0.274470135
2	7	2	0.35	64	16.66666667	10.11133333	0.469851981
2	7	2	0.35	65	16.33333333	9.52	0.368647459
3	8	2	0.3	66	15	7.8995	0.335002225
3	8	2	0.3	67	14.66666667	11.695	0.374856487
3	8	2	0.3	68	13.66666667	6.575	0.272970085
3	8	2	0.3	69	14.66666667	4.822333333	0.379962674
3	8	2	0.3	70	14.33333333	5.851166667	0.343170732
3	8	2	0.3	71	16	6.650666667	0.438134431
3	8	2	0.3	72	15.66666667	5.2605	0.318405916
3	8	2	0.3	73	13	8.091333333	0.29004329
3	9	2	0.26	74	12.33333333	6.7	0.31811914
3	9	2	0.26	75	11.33333333	6.2905	0.328489951
3	9	2	0.26	76	13.33333333	7.552333333	0.254223865
3	9	2	0.26	77	12.66666667	6.412166667	0.322938413
3	9	2	0.26	78	13.33333333	11.68783333	0.439282804
3	9	2	0.26	79	13.33333333	8.405	0.385856487
3	9	2	0.26	80	11.66666667	8.991166667	0.291226607
3	9	2	0.26	81	12.33333333	3.557833333	0.254129734
3	9	2	0.26	82	12.33333333	6.602666667	0.348466407
3	9	2	0.26	83	13.33333333	9.053333333	0.451193887
3	9	2	0.26	84	14.33333333	5.2555	0.328596947
3	10	2	0.3	85	18.33333333	5.46	0.477745665
3	10	2	0.3	86	15.66666667	7.151666667	0.231008717
3	10	2	0.3	87	18.66666667	6.312666667	0.440686785
3	10	2	0.3	88	14.33333333	22.59266667	0.387665537
3	10	2	0.3	89	17.66666667	4.821333333	0.423875855
3	10	2	0.3	90	16.33333333	8.846166667	0.315604456
3	10	2	0.3	91	17	5.167333333	0.380485664
3	10	2	0.3	92	18	7.302666667	0.416626794
3	10	2	0.3	93	17.33333333	8.463333333	0.375932327
4	11	2	0.48	94	21.33333333	15.21666667	0.4544216
4	11	2	0.48	95	22	13.954	0.452236334
4	11	2	0.48	96	19.66666667	7.026	0.372461452
4	11	2	0.48	97	17.33333333	6.088666667	0.295113611
4	11	2	0.48	98	20.33333333	11.394	0.489936102
4	11	2	0.48	99	21	7.299333333	0.448308718
4	11	2	0.48	100	21.33333333	10.04066667	0.40877873
4	11	2	0.48	101	22.33333333	14.41066667	0.481103646
4	11	2	0.48	102	20	9.202666667	0.462022505
4	11	2	0.48	103	21.33333333	9.39	0.460739283